0.754704
0.78088
0.793844
0.74526
0.686404
0.689244
0.667608
0.725282
0.648578
0.666224
0.718404
0.695912
0.72304
0.701886
0.569666
0.720548
0.771184
0.795208
0.711532
0.790392
0.657646
0.78675
0.821014
0.695578
0.733352
0.654592
0.720078
0.684024
0.69776
0.728084
0.638866
0.66652
0.607132
0.743948
0.671804
0.71798
0.7574
0.717942
0.697108
0.768024
0.728776
0.764568
0.755612
0.801106
0.793764
0.678812
0.681508
0.665308
0.717008
0.660694
0.64669
0.678948
0.726936
0.700166
0.711368
0.760144
0.759702
0.746284
0.77102
0.74218
0.657
0.777702
0.777158
0.706032
0.791084
0.643288
0.682516
0.666092
0.7013
0.749668
0.655756
0.685244
0.722192
0.722164
0.706142
0.703516
0.771776
0.760872
0.699212
0.800796
0.775456
0.7461
0.727146
0.724828
0.780344
0.712552
0.654604
0.722008
0.708586
0.5418
0.684992
0.719716
0.573984
0.651936
0.693428
0.69027
0.72549
0.699886
0.836798
0.633338
0.77327
0.682892
0.80283
0.699646
0.705476
0.801504
0.73374
0.719992
0.669852
0.764868
0.652164
0.6698
0.650054
0.711784
0.605436
0.723384
0.657952
0.766518
0.73726
0.691724
0.65813
0.778204
0.718528
0.688436
0.698148
0.591032
0.70648
0.741154
0.649578
0.608708
0.673412
0.554792
0.704864
0.67768
0.663736
0.864404
0.719388
0.737146
0.750548
0.742736
0.726758
0.814782
0.811236
0.690412
0.670138
0.745612
0.726412
0.58025
0.612008
0.644158
0.71435
0.690344
0.7046
0.666728
0.73946
0.737616
0.711744
0.798098
0.786286
0.842704
0.748136
0.763444
0.726192
0.671858
0.724772
0.630934
0.662352
0.659468
0.651604
0.612908
0.686866
0.642682
0.753434
0.67249
0.73973
0.673878
0.704878
0.788816
0.717724
0.793734
0.708072
0.751368
0.732356
0.768878
0.738626
0.750716
0.658292
0.660528
0.702384
0.677184
0.583762
0.711436
0.711644
0.655096
0.787978
0.644484
0.703144
0.660228
0.720824
0.788096
0.763988
0.696108
0.77196
0.715436
0.633776
0.760472
0.565354
0.606248
0.656848
0.705918
0.637708
0.716492
0.63612
0.69891
0.72302
0.800548
0.76647
0.833434
0.770552
0.767594
0.738442
0.692252
0.840372
0.75608
0.707712
0.676844
0.608392
0.719142
0.820112
0.70728
0.70231
0.739138
0.679612
0.676516
0.808096
0.637356
0.680276
0.711146
0.747812
0.756476
0.796568
0.71554
0.720022
0.690744
0.667684
0.608744
0.641664
0.573628
0.669416
0.750762
0.704724
0.643958
0.63175
0.792596
0.740552
0.744514
0.757796
0.819616
0.738272
0.717918
0.786652
0.750954
0.75563
0.616312
0.65711
0.654868
0.610654
0.722852
0.789992
0.639086
0.799742
0.645036
0.698546
0.63904
0.762176
0.755314
0.758988
0.776104
0.708652
0.738572
0.74694
0.735966
0.749756
0.664416
0.70592
0.649632
0.723696
0.631892
0.777084
0.772464
0.675974
0.6448
0.738916
0.713788
0.61259
0.6687
0.8341
0.823732
0.796472
0.809496
0.786772
0.719744
0.754974
0.718424
0.827382
0.771956
0.540242
0.716304
0.648796
0.68899
0.624748
0.734168
0.622382
0.65968
0.763904
0.789572
0.73413
0.729606
0.758872
0.792952
0.764856
0.763374
0.677416
0.781396
0.742868
0.58688
0.57172
0.659416
0.722036
0.710888
0.672672
0.733686
0.611026
0.722438
0.744696
0.833388
0.805928
0.727024
0.687704
0.684308
0.641736
0.76676
0.786304
0.730394
0.681304
0.650582
0.571084
0.707364
0.62981
0.7563
0.606086
0.698766
0.766198
0.706552
0.693168
0.855774
0.834182
0.735834
0.74584
0.772888
0.6586
0.719632
0.719088
0.701424
0.674556
0.713036
0.709268
0.711616
0.558688
0.647764
0.621806
0.668396
0.66716
0.831136
0.835074
0.696708
0.758904
0.76565
0.642588
0.72608
0.693008
0.710198
0.74767
0.805944
0.798508
0.58598
0.681664
0.587568
0.681644
0.739624
0.602788
0.699864
0.694556
0.643918
0.805066
0.755672
0.789508
0.704264
0.728672
0.662188
0.768992
0.740348
0.802162
0.799852
0.751524
0.732306
0.695298
0.701634
0.686376
0.751848
0.788164
0.695766
0.766936
0.75688
0.780664
0.699112
0.76491
0.774026
0.736252
0.826236
0.725992
0.804514
0.772468
0.737588
0.626678
0.758936
0.731948
0.65858
0.688708
0.61586
0.691696
0.71962
0.637248
0.650638
0.711326
0.792408
0.678604
0.775862
0.790756
0.763052
0.64611
0.825568
0.779812
0.804996
0.765016
0.65587
0.591608
0.804838
0.618056
0.748938
0.7292
0.749548
0.7335
0.57813
0.784424
0.762468
0.837754
0.80198
0.771664
0.765056
0.790728
0.720014
0.799292
0.736144
0.684416
0.66486
0.683474
0.67618
0.709904
0.670212
0.706898
0.595544
0.598502
0.748916
0.671192
0.710158
0.884136
0.720644
0.752166
0.709496
0.72028
0.74714
0.770118
0.6533
0.561664
0.65454
0.711916
0.581924
0.611746
0.684628
0.724888
0.684066
0.645026
0.6947
0.624488
0.816746
0.792864
0.61423
0.776176
0.688874
0.723726
0.701372
0.81788
0.740044
0.71616
0.734728
0.662896
0.655456
0.739774
0.71122
0.573704
0.718392
0.699996
0.757052
0.681762
0.731888
0.731048
0.743854
0.715824
0.792006
0.74364
0.682932
0.738058
0.758796
0.77336
0.594432
0.677118
0.673412
0.779652
0.780212
0.661264
0.615576
0.677108
0.75254
0.623476
0.847656
0.797224
0.834076
0.774922
0.777564
0.901204
0.773188
0.702118
0.755952
0.70617
0.838676
0.565796
0.735604
0.754316
0.643036
0.636852
0.661844
0.66112
0.611052
0.694724
0.536628
-0.667696
-1.37441
-1.99092
-2.41334
-2.60979
-2.4671
-1.87638
-1.09483
-0.697796
-0.899504
-1.47167
-1.67334
-1.68612
-1.597
-1.24933
-0.927692
-0.601648
-0.5821
-0.568096
-0.62279
-0.755008
-1.15096
-1.38404
-1.49631
-1.73222
-1.94104
-1.91283
-2.00974
-2.02605
-2.08481
-2.15293
-2.22075
-2.1642
-2.22307
-2.26198
-2.37514
-2.40144
-2.54566
-2.73456
-2.76124
-2.78311
-2.80233
-2.82065
-2.8765
-2.82594
-2.90054
-2.94032
-2.97007
-3.04788
-3.16316
-3.2512
-3.22366
-3.27356
-3.42857
-3.42685
-3.3992
-3.47364
-3.41337
-3.57831
-3.69539
-3.70582
-3.68261
-3.78461
-3.88935
-4.00211
-4.02338
-4.06744
-4.21854
-4.37174
-4.32969
-4.33688
-4.42764
-4.45114
-4.66087
-4.59433
-4.60507
-4.68581
-4.73633
-4.82691
-4.83351
-5.04902
-4.9965
-5.05717
-5.01216
-5.18395
-5.22515
-5.20532
-5.31956
-5.45324
-5.49119
-5.38242
-5.40917
-5.53811
-5.45516
-5.53338
-5.66725
-5.64469
-5.69681
-5.66338
-5.6141
-5.60797
-5.73114
-5.71073
-5.7175
-5.7626
-5.79306
-5.8087
-5.96942
-5.97548
-5.97875
-6.08837
-6.0475
-6.09346
-6.05524
-6.15081
-6.10832
-6.09586
-6.12115
-6.07194
-6.12749
-6.0997
-6.3418
-6.19146
-6.20821
-6.24085
-6.28495
-6.34471
-6.28519
-6.41843
-6.44372
-6.51591
-6.57123
-6.39623
-6.66056
-6.71512
-6.64548
-6.76168
-6.68892
-6.77799
-6.82245
-6.8257
-6.84216
-6.92751
-7.10964
-7.07841
-7.04118
-7.28599
-7.26468
-7.23913
-7.39072
-7.3722
-7.49726
-7.47756
-7.61933
-7.61644
-7.70277
-7.60788
-7.79545
-7.72101
-7.83369
-7.87313
-7.91771
-8.03039
-7.94601
-8.03896
-8.17166
-8.23943
-8.12943
-8.22082
-8.32935
-8.41198
-8.4477
-8.44054
-8.5971
-8.55755
-8.68254
-8.70507
-8.65046
-8.71728
-8.75918
-8.79668
-8.80348
-8.86003
-9.01688
-9.04599
-9.08787
-9.07726
-9.11502
-9.22797
-9.29868
-9.29002
-9.41984
-9.47571
-9.57899
-9.64839
-9.70016
-9.69367
-9.69586
-9.77484
-9.80638
-9.81509
-9.87738
-10.059
-10.0021
-10.1318
-10.2139
-10.2854
-10.3209
-10.3646
-10.3038
-10.2794
-10.2944
-10.4548
-10.5385
-10.5107
-10.6098
-10.692
-10.7745
-10.6888
-10.637
-10.6893
-10.6868
-10.7212
-10.7991
-10.8124
-10.9197
-10.8862
-11.0659
-11.0845
-11.0626
-11.1153
-11.0545
-11.2651
-11.2255
-11.2749
-11.2535
-11.223
-11.2657
-11.3714
-11.3547
-11.3302
-11.4532
-11.5486
-11.5638
-11.6102
-11.5001
-11.7161
-11.7173
-11.6944
-11.8766
-11.7949
-11.8535
-11.9247
-11.8703
-11.9546
-11.9512
-11.9115
-11.9683
-11.8713
-11.8129
-11.9291
-11.9937
-11.9161
-11.9957
-12.0455
-12.2732
-12.0339
-12.1789
-12.1977
-12.2797
-12.3237
-12.2587
-12.2762
-12.2241
-12.1703
-12.2935
-12.2587
-12.3508
-12.4127
-12.3693
-12.3628
-12.4697
-12.3287
-12.3514
-12.4349
-12.508
-12.4477
-12.5042
-12.6335
-12.5871
-12.6242
-12.5329
-12.6623
-12.6744
-12.6385
-12.6032
-12.5879
-12.5991
-12.6357
-12.6398
-12.6506
-12.669
-12.6129
-12.642
-12.6733
-12.6593
-12.642
-12.797
-12.7518
-12.7019
-12.7783
-12.7126
-12.807
-12.7478
-12.7092
-12.7657
-12.7093
-12.7647
-12.7953
-12.6575
-12.6834
-12.6939
-12.6766
-12.7081
-12.6927
-12.7421
-12.7736
-12.8405
-12.7799
-12.8709
-12.7814
-12.821
-12.9458
-12.8964
-12.8947
-12.8161
-12.7367
-12.793
-12.8831
-12.7895
-12.8627
-12.8321
-12.8456
-12.8403
-12.8318
-12.8466
-12.9511
-13.0677
-12.9391
-13.1037
-12.991
-12.9181
-12.9955
-13.0167
-12.9706
-12.9334
-12.894
-12.9325
-12.9351
-12.8874
-12.9414
-12.9759
-13.0808
-12.9953
-12.8425
-12.9576
-12.9177
-12.9669
-12.858
-12.7772
-12.8635
-12.8443
-12.9257
-13.0013
-12.9686
-12.9187
-12.9432
-12.8708
-12.8188
-12.9498
-12.9291
-12.9529
-12.9711
-12.9331
-13.0617
-13.0033
-13.0492
-13.0367
-12.9405
-13.0974
-12.9561
-13.0771
-13.0851
-13.0639
-13.091
-13.0499
-13.2152
-13.1334
-13.0295
-13.178
-13.166
-13.1229
-13.1595
-13.2404
-13.3274
-13.1801
-13.3382
-13.2336
-13.3597
-13.3703
-13.3618
-13.3396
-13.3449
-13.3069
-13.3509
-13.3851
-13.2152
-13.2256
-13.2486
-13.253
-13.2274
-13.3625
-13.2651
-13.3066
-13.294
-13.3049
-13.3493
-13.3538
-13.3821
-13.258
-13.3627
-13.4324
-13.3332
-13.4808
-13.3153
-13.3243
-13.3242
-13.2815
-13.2477
-13.2938
-13.2198
-13.2819
-13.1625
-13.1981
